4294967279,115
4294967279,114
4294967279,113
4294967279,112
4294967279,111
4294967279,110
4294967279,109
4294967279,108
4294967279,107
4294967279,106
4294967279,105
4294967279,104
4294967279,103
4294967278,36
4294967278,35
4294967278,33
4294967278,32
4294967278,31
4294967278,30
4294967278,29
4294967278,28
4294967278,27
4294967278,26
4294967278,137
4294967278,25
4294967278,24
4294967278,23
4294967278,22
4294967278,21
4294967278,20
4294967278,19
4294967278,18
4294967278,17
4294967278,16
4294967278,15
4294967278,14
4294967278,13
4294967278,12
4294967278,11
4294967278,10
4294967278,9
4294967278,8
4294967278,7
4294967278,6
4294967278,5
4294967278,4
4294967279,132
4294967279,128
4294967279,127
4294967279,126
4294967279,124
4294967279,123
4294967279,120
4294967279,119
4294967279,118
4294967279,117
4294967279,116
4294967279,174
4294967279,88
4294967279,22
4294967279,21
4294967279,20
4294967279,17
4294967279,15
4294967279,13
4294967278,546
4294967279,131
4294967279,130
4294967279,254
4294967279,352
4294967279,129
4294967278,545
4294967279,351
4294967279,125
4294967279,121
4294967279,249
4294967278,252
4294967279,122
4294967278,250
30,5
4294967278,246
30,4
4294967278,244
30,3
30,2
30,1
4294967294,387
4294967294,190
4294967294,906
4294967294,163
4294967294,921
4294967294,182
29,4
29,3
29,2
29,1
4294967278,233
4294967278,231
4294967278,229
4294967278,226
28,5
28,4
4294967278,216
28,3
28,2
28,1
4294967278,215
4294967278,544
4294967278,543
4294967278,542
4294967278,210
4294967279,350
4294967278,208
4294967278,541
4294967278,207
27,5
27,4
27,3
27,2
27,1
4294967278,540
4294967278,88
4294967278,174
4294967278,202
4294967278,539
4294967279,349
4294967278,538
4294967279,348
4294967278,537
4294967279,347
4294967279,346
4294967278,197
4294967278,196
4294967278,536
4294967279,345
4294967278,535
4294967279,344
4294967278,534
4294967279,343
4294967278,187
4294967278,186
4294967278,184
4294967278,183
4294967279,342
4294967278,182
4294967278,181
4294967278,180
4294967278,533
4294967279,341
4294967278,532
4294967279,340
4294967278,531
4294967278,175
4294967278,173
4294967278,172
4294967278,171
4294967278,170
4294967294,409
4294967294,396
4294967294,399
4294967294,179
4294967294,407
4294967294,422
4294967294,922
4294967294,902
4294967294,168
4294967294,167
4294967294,384
4294967294,403
4294967294,191
4294967294,450
4294967294,175
4294967278,530
4294967279,339
4294967278,529
4294967279,338
4294967278,166
4294967278,165
4294967278,528
4294967279,337
4294967278,164
4294967278,162
4294967278,161
4294967278,160
4294967278,527
4294967278,156
4294967278,155
4294967278,154
4294967278,526
4294967279,336
4294967278,153
4294967278,151
22,5
4294967278,150
22,4
22,3
22,2
22,1
4294967279,335
4294967278,149
4294967279,334
4294967278,525
4294967278,34
4294967279,333
4294967278,524
4294967279,332
21,5
21,4
21,3
21,2
21,1
4294967278,523
4294967279,19
4294967294,173
4294967294,917
4294967294,161
4294967294,962
4294967294,963
4294967294,1
4294967294,966
4294967279,331
4294967279,133
4294967279,273
4294967294,908
4294967279,281
4294967279,280
4294967279,270
4294967294,76
4294967279,16
4294967279,279
4294967294,5
4294967294,953
4294967278,522
4294967294,29
4294967278,521
4294967279,330
4294967279,329
4294967294,38
4294967294,36
4294967294,42
4294967294,41
4294967294,39
4294967294,392
4294967294,440
4294967294,115
4294967294,120
4294967294,388
4294967294,44
4294967294,45
4294967294,52
4294967294,51
4294967294,923
4294967294,91
4294967294,90
4294967294,87
4294967294,85
4294967294,84
4294967294,972
4294967294,82
4294967278,520
4294967279,265
4294967279,328
4294967279,0
4294967279,263
4294967279,262
19,6
19,5
19,4
19,3
19,2
19,1
4294967278,519
4294967278,260
4294967278,123
4294967278,122
4294967278,120
4294967278,116
4294967278,114
4294967278,112
4294967278,111
4294967278,110
4294967278,109
4294967278,106
4294967278,104
4294967278,103
4294967278,102
4294967278,101
4294967278,100
4294967278,99
4294967278,96
4294967278,93
4294967278,91
4294967278,90
4294967278,89
4294967278,87
4294967278,86
4294967278,81
4294967278,79
4294967278,78
4294967278,77
4294967278,76
4294967278,74
4294967278,73
4294967278,72
4294967278,71
4294967278,70
4294967278,69
4294967278,68
4294967278,67
4294967278,66
4294967278,65
4294967278,64
4294967278,63
4294967278,62
4294967278,61
4294967278,60
4294967278,59
4294967278,58
4294967278,57
4294967278,56
4294967278,55
4294967278,54
4294967278,53
4294967278,52
4294967278,51
4294967278,50
4294967278,49
4294967278,48
4294967278,47
4294967278,46
4294967278,45
4294967278,44
4294967278,43
4294967278,42
4294967278,41
4294967278,40
4294967278,39
4294967278,38
4294967278,37
4294967279,259
4294967279,271
4294967279,18
4294967279,14
4294967279,12
4294967279,11
4294967279,278
4294967279,10
4294967279,9
4294967279,8
4294967279,7
4294967279,6
4294967294,50
4294967279,5
